-1168.0,-64.0,-112.0,3266
-1168.0,-64.0,-112.0,3284
-1168.0,-64.0,-112.0,3514
-1168.0,-64.0,-112.0,3515
-1168.0,-64.0,-112.0,3516
-1168.0,-64.0,-112.0,3518
-1168.0,-64.0,-112.0,3518
-1168.0,-64.0,-112.0,3765
-1168.0,-64.0,-112.0,3765
-1168.0,-64.0,-112.0,3767
-1168.0,-64.0,-112.0,3768
-1168.0,-64.0,-112.0,3768
-1168.0,-64.0,-112.0,4014
-1168.0,-64.0,-112.0,4015
-1168.0,-64.0,-112.0,4016
-1168.0,-64.0,-112.0,4018
-1168.0,-64.0,-112.0,4264
-1168.0,-64.0,-112.0,4265
-1168.0,-64.0,-112.0,4267
-1168.0,-64.0,-112.0,4268
-1168.0,-64.0,-112.0,4269
-1168.0,-64.0,-112.0,4270
-1179.0,-68.0,-122.0,4527
-1179.0,-68.0,-122.0,4528
-1179.0,-68.0,-122.0,4529
-1179.0,-68.0,-122.0,4530
-1179.0,-68.0,-122.0,4530
-1179.0,-68.0,-122.0,4531
-1179.0,-68.0,-122.0,4765
-1179.0,-68.0,-122.0,4766
-1179.0,-68.0,-122.0,4767
-1179.0,-68.0,-122.0,4770
-1179.0,-68.0,-122.0,5014
-1179.0,-68.0,-122.0,5015
-1179.0,-68.0,-122.0,5016
-1179.0,-68.0,-122.0,5017
-1179.0,-68.0,-122.0,5018
-1179.0,-68.0,-122.0,5019
-1179.0,-68.0,-122.0,5267
-1179.0,-68.0,-122.0,5269
-1179.0,-68.0,-122.0,5269
-1179.0,-68.0,-122.0,5270
-1179.0,-68.0,-122.0,5271
-1179.0,-68.0,-122.0,5272
-1179.0,-68.0,-122.0,5516
-1179.0,-68.0,-122.0,5517
-1179.0,-68.0,-122.0,5518
-1179.0,-68.0,-122.0,5518
-1163.0,-54.0,1661.0,5519
-1163.0,-54.0,1661.0,5763
-1163.0,-54.0,1661.0,5765
-1163.0,-54.0,1661.0,5768
-1163.0,-54.0,1661.0,5769
-1163.0,-54.0,1661.0,5770
-1163.0,-54.0,1661.0,5771
-1163.0,-54.0,1661.0,6015
-1163.0,-54.0,1661.0,6016
-1163.0,-54.0,1661.0,6017
-1163.0,-54.0,1661.0,6018
-1163.0,-54.0,1661.0,6019
-1163.0,-54.0,1661.0,6263
-1163.0,-54.0,1661.0,6265
-1163.0,-54.0,1661.0,6268
-1163.0,-54.0,1661.0,6269
-1163.0,-54.0,1661.0,6270
-1163.0,-54.0,1661.0,6513
-1163.0,-54.0,1661.0,6515
-1163.0,-54.0,1661.0,6517
-1163.0,-54.0,1661.0,6519
-1163.0,-54.0,1661.0,6520
-1163.0,-54.0,1661.0,6520
-1163.0,-54.0,1661.0,6767
-1163.0,-54.0,1661.0,6768
-1172.0,-73.0,-118.0,6769
-1172.0,-73.0,-118.0,6770
-1172.0,-73.0,-118.0,6771
-1172.0,-73.0,-118.0,7013
-1172.0,-73.0,-118.0,7014
-1172.0,-73.0,-118.0,7017
-1172.0,-73.0,-118.0,7019
-1172.0,-73.0,-118.0,7020
-1172.0,-73.0,-118.0,7021
-1172.0,-73.0,-118.0,7264
-1172.0,-73.0,-118.0,7265
-1172.0,-73.0,-118.0,7265
-1172.0,-73.0,-118.0,7266
-1172.0,-73.0,-118.0,7267
-1172.0,-73.0,-118.0,7268
-1172.0,-73.0,-118.0,7511
-1172.0,-73.0,-118.0,7512
-1172.0,-73.0,-118.0,7513
-1172.0,-73.0,-118.0,7513
-1172.0,-73.0,-118.0,7761
-1172.0,-73.0,-118.0,7762
-1172.0,-73.0,-118.0,7762
-1172.0,-73.0,-118.0,7763
-1172.0,-73.0,-118.0,7763
-1172.0,-73.0,-118.0,7764
-1159.0,-70.0,-127.0,8013
-1159.0,-70.0,-127.0,8014
-1159.0,-70.0,-127.0,8015
-1159.0,-70.0,-127.0,8016
-1159.0,-70.0,-127.0,8263
-1159.0,-70.0,-127.0,8264
-1159.0,-70.0,-127.0,8265
-1159.0,-70.0,-127.0,8265
-1159.0,-70.0,-127.0,8266
-1159.0,-70.0,-127.0,8267
-1159.0,-70.0,-127.0,8513
-1159.0,-70.0,-127.0,8514
-1159.0,-70.0,-127.0,8515
-1159.0,-70.0,-127.0,8515
-1159.0,-70.0,-127.0,8516
-1159.0,-70.0,-127.0,8517
-1159.0,-70.0,-127.0,8764
-1159.0,-70.0,-127.0,8765
-1159.0,-70.0,-127.0,8766
-1159.0,-70.0,-127.0,8766
-1159.0,-70.0,-127.0,8767
-1159.0,-70.0,-127.0,9012
-1159.0,-70.0,-127.0,9013
-1159.0,-70.0,-127.0,9015
-1159.0,-70.0,-127.0,9017
-1168.0,-63.0,-114.0,9018
-1168.0,-63.0,-114.0,9262
-1168.0,-63.0,-114.0,9263
-1168.0,-63.0,-114.0,9265
-1168.0,-63.0,-114.0,9267
-1168.0,-63.0,-114.0,9268
-1168.0,-63.0,-114.0,9268
-1168.0,-63.0,-114.0,9515
-1168.0,-63.0,-114.0,9516
-1168.0,-63.0,-114.0,9516
-1168.0,-63.0,-114.0,9517
-1168.0,-63.0,-114.0,9518
-1168.0,-63.0,-114.0,9763
-1168.0,-63.0,-114.0,9764
-1168.0,-63.0,-114.0,9765
-1168.0,-63.0,-114.0,9765
-1168.0,-63.0,-114.0,9766
-1168.0,-63.0,-114.0,10012
-1168.0,-63.0,-114.0,10013
-1168.0,-63.0,-114.0,10015
-1168.0,-63.0,-114.0,10017
-1168.0,-63.0,-114.0,10018
-1168.0,-63.0,-114.0,10266
-1168.0,-63.0,-114.0,10267
-1168.0,-63.0,-114.0,10268
-1168.0,-63.0,-114.0,10269
-1163.0,-55.0,-120.0,10270
-1163.0,-55.0,-120.0,10270
-1163.0,-55.0,-120.0,10522
-1163.0,-55.0,-120.0,10523
-1163.0,-55.0,-120.0,10524
-1163.0,-55.0,-120.0,10524
-1163.0,-55.0,-120.0,10526
-1163.0,-55.0,-120.0,10527
-1163.0,-55.0,-120.0,10762
-1163.0,-55.0,-120.0,10764
-1163.0,-55.0,-120.0,10766
-1163.0,-55.0,-120.0,10767
-1163.0,-55.0,-120.0,10767
-1163.0,-55.0,-120.0,10768
-1163.0,-55.0,-120.0,11013
-1163.0,-55.0,-120.0,11014
-1163.0,-55.0,-120.0,11014
-1163.0,-55.0,-120.0,11015
-1163.0,-55.0,-120.0,11016
-1163.0,-55.0,-120.0,11263
-1163.0,-55.0,-120.0,11265
-1163.0,-55.0,-120.0,11266
-1163.0,-55.0,-120.0,11267
-1163.0,-55.0,-120.0,11268
-1163.0,-55.0,-120.0,11515
-1163.0,-55.0,-120.0,11517
-1171.0,-63.0,-115.0,11518
-1171.0,-63.0,-115.0,11518
-1171.0,-63.0,-115.0,11520
-1171.0,-63.0,-115.0,11763
-1171.0,-63.0,-115.0,11764
-1171.0,-63.0,-115.0,11765
-1171.0,-63.0,-115.0,11766
-1171.0,-63.0,-115.0,11767
-1171.0,-63.0,-115.0,11768
-1171.0,-63.0,-115.0,12012
-1171.0,-63.0,-115.0,12014
-1171.0,-63.0,-115.0,12016
-1171.0,-63.0,-115.0,12017
-1171.0,-63.0,-115.0,12017
-1171.0,-63.0,-115.0,12261
-1171.0,-63.0,-115.0,12262
-1171.0,-63.0,-115.0,12269
-1171.0,-63.0,-115.0,12275
-1171.0,-63.0,-115.0,12276
-1171.0,-63.0,-115.0,12279
-1171.0,-63.0,-115.0,12567
-1171.0,-63.0,-115.0,12567
-1171.0,-63.0,-115.0,12568
-1171.0,-63.0,-115.0,12568
-1171.0,-63.0,-115.0,12568
-1159.0,-64.0,-113.0,12762
-1159.0,-64.0,-113.0,12763
-1159.0,-64.0,-113.0,12763
-1159.0,-64.0,-113.0,12764
-1159.0,-64.0,-113.0,12764
-1159.0,-64.0,-113.0,13011
-1159.0,-64.0,-113.0,13012
-1159.0,-64.0,-113.0,13013
-1159.0,-64.0,-113.0,13014
-1159.0,-64.0,-113.0,13015
-1159.0,-64.0,-113.0,13260
-1159.0,-64.0,-113.0,13261
-1159.0,-64.0,-113.0,13263
-1159.0,-64.0,-113.0,13266
-1159.0,-64.0,-113.0,13266
-1159.0,-64.0,-113.0,13267
-1159.0,-64.0,-113.0,13512
-1159.0,-64.0,-113.0,13513
-1159.0,-64.0,-113.0,13513
-1159.0,-64.0,-113.0,13514
-1159.0,-64.0,-113.0,13761
-1159.0,-64.0,-113.0,13762
-1159.0,-64.0,-113.0,13763
-121.0,-79.0,-112.0,13763
-121.0,-79.0,-112.0,13764
-121.0,-79.0,-112.0,14012
-121.0,-79.0,-112.0,14013
-121.0,-79.0,-112.0,14014
-121.0,-79.0,-112.0,14015
-121.0,-79.0,-112.0,14015
-121.0,-79.0,-112.0,14261
-121.0,-79.0,-112.0,14262
-121.0,-79.0,-112.0,14262
-121.0,-79.0,-112.0,14262
-121.0,-79.0,-112.0,14263
-121.0,-79.0,-112.0,14263
-121.0,-79.0,-112.0,14513
-121.0,-79.0,-112.0,14513
-121.0,-79.0,-112.0,14513
-121.0,-79.0,-112.0,14514
-121.0,-79.0,-112.0,14514
-121.0,-79.0,-112.0,14761
-121.0,-79.0,-112.0,14761
-121.0,-79.0,-112.0,14762
-121.0,-79.0,-112.0,14764
-121.0,-79.0,-112.0,14764
-121.0,-79.0,-112.0,14765
-121.0,-79.0,-112.0,15016
-121.0,-79.0,-112.0,15017
-121.0,-79.0,-112.0,15018
-1160.0,-59.0,1661.0,15018
-1160.0,-59.0,1661.0,15019
-1160.0,-59.0,1661.0,15260
-1160.0,-59.0,1661.0,15261
-1160.0,-59.0,1661.0,15261
-1160.0,-59.0,1661.0,15261
-1160.0,-59.0,1661.0,15262
-1160.0,-59.0,1661.0,15262
-1160.0,-59.0,1661.0,15510
-1160.0,-59.0,1661.0,15511
-1160.0,-59.0,1661.0,15511
-1160.0,-59.0,1661.0,15511
-1160.0,-59.0,1661.0,15761
-1160.0,-59.0,1661.0,15762
-1160.0,-59.0,1661.0,15762
-1160.0,-59.0,1661.0,15763
-1160.0,-59.0,1661.0,15763
-1160.0,-59.0,1661.0,15763
-1160.0,-59.0,1661.0,16010
-1160.0,-59.0,1661.0,16011
-1160.0,-59.0,1661.0,16011
-1160.0,-59.0,1661.0,16012
-1160.0,-59.0,1661.0,16012
-1160.0,-59.0,1661.0,16261
-113.0,-59.0,1643.0,16261
-113.0,-59.0,1643.0,16262
-113.0,-59.0,1643.0,16262
-113.0,-59.0,1643.0,16263
-113.0,-59.0,1643.0,16264
-113.0,-59.0,1643.0,16510
-113.0,-59.0,1643.0,16512
-113.0,-59.0,1643.0,16513
-113.0,-59.0,1643.0,16513
-113.0,-59.0,1643.0,16513
-113.0,-59.0,1643.0,16762
-113.0,-59.0,1643.0,16762
-113.0,-59.0,1643.0,16763
-113.0,-59.0,1643.0,16763
-113.0,-59.0,1643.0,16763
-113.0,-59.0,1643.0,17010
-113.0,-59.0,1643.0,17010
-113.0,-59.0,1643.0,17011
-113.0,-59.0,1643.0,17011
-113.0,-59.0,1643.0,17012
-113.0,-59.0,1643.0,17013
-113.0,-59.0,1643.0,17260
-113.0,-59.0,1643.0,17261
-113.0,-59.0,1643.0,17261
-113.0,-59.0,1643.0,17262
-113.0,-59.0,1643.0,17262
-1162.0,-60.0,-124.0,17262
-1162.0,-60.0,-124.0,17619
-1162.0,-60.0,-124.0,17619
-1162.0,-60.0,-124.0,17619
-1162.0,-60.0,-124.0,17620
-1162.0,-60.0,-124.0,17620
-1162.0,-60.0,-124.0,17770
-1162.0,-60.0,-124.0,17772
-1162.0,-60.0,-124.0,17773
-1162.0,-60.0,-124.0,17773
-1162.0,-60.0,-124.0,17774
-1162.0,-60.0,-124.0,18020
-1162.0,-60.0,-124.0,18022
-1162.0,-60.0,-124.0,18023
-1162.0,-60.0,-124.0,18023
-1162.0,-60.0,-124.0,18024
-1162.0,-60.0,-124.0,18025
-1162.0,-60.0,-124.0,18260
-1162.0,-60.0,-124.0,18260
-1162.0,-60.0,-124.0,18261
-1162.0,-60.0,-124.0,18261
-1162.0,-60.0,-124.0,18261
-1162.0,-60.0,-124.0,18511
-1162.0,-60.0,-124.0,18513
-1162.0,-60.0,-124.0,18515
-1162.0,-60.0,-124.0,18515
-1160.0,-69.0,-96.0,18516
-1160.0,-69.0,-96.0,18517
-1160.0,-69.0,-96.0,18760
-1160.0,-69.0,-96.0,18760
-1160.0,-69.0,-96.0,18760
-1160.0,-69.0,-96.0,18761
-1160.0,-69.0,-96.0,18761
-1160.0,-69.0,-96.0,18761
-1160.0,-69.0,-96.0,19012
-1160.0,-69.0,-96.0,19012
-1160.0,-69.0,-96.0,19012
-1160.0,-69.0,-96.0,19013
-1160.0,-69.0,-96.0,19013
-1160.0,-69.0,-96.0,19261
-1160.0,-69.0,-96.0,19261
-1160.0,-69.0,-96.0,19262
-1160.0,-69.0,-96.0,19262
-1160.0,-69.0,-96.0,19262
-1160.0,-69.0,-96.0,19512
-1160.0,-69.0,-96.0,19513
-1160.0,-69.0,-96.0,19513
-1160.0,-69.0,-96.0,19513
-1160.0,-69.0,-96.0,19514
-1160.0,-69.0,-96.0,19759
-1168.0,-71.0,-116.0,19760
-1168.0,-71.0,-116.0,19762
-1168.0,-71.0,-116.0,19764
-1168.0,-71.0,-116.0,19764
-1168.0,-71.0,-116.0,20011
-1168.0,-71.0,-116.0,20012
-1168.0,-71.0,-116.0,20012
-1168.0,-71.0,-116.0,20012
-1168.0,-71.0,-116.0,20013
-1168.0,-71.0,-116.0,20261
-1168.0,-71.0,-116.0,20261
-1168.0,-71.0,-116.0,20262
-1168.0,-71.0,-116.0,20262
-1168.0,-71.0,-116.0,20263
-1168.0,-71.0,-116.0,20263
-1168.0,-71.0,-116.0,20520
-1168.0,-71.0,-116.0,20520
-1168.0,-71.0,-116.0,20520
-1168.0,-71.0,-116.0,20521
-1168.0,-71.0,-116.0,20521
-1168.0,-71.0,-116.0,20521
-1168.0,-71.0,-116.0,20761
-1168.0,-71.0,-116.0,20763
-1168.0,-71.0,-116.0,20763
-1168.0,-71.0,-116.0,20763
-1168.0,-71.0,-116.0,21010
-1165.0,-67.0,-118.0,21010
-1165.0,-67.0,-118.0,21011
-1165.0,-67.0,-118.0,21011
-1165.0,-67.0,-118.0,21012
-1165.0,-67.0,-118.0,21261
-1165.0,-67.0,-118.0,21261
-1165.0,-67.0,-118.0,21261
-1165.0,-67.0,-118.0,21262
-1165.0,-67.0,-118.0,21262
-1165.0,-67.0,-118.0,21262
-1165.0,-67.0,-118.0,21509
-1165.0,-67.0,-118.0,21509
-1165.0,-67.0,-118.0,21510
-1165.0,-67.0,-118.0,21510
-1165.0,-67.0,-118.0,21510
-1165.0,-67.0,-118.0,21759
-1165.0,-67.0,-118.0,21760
-1165.0,-67.0,-118.0,21760
-1165.0,-67.0,-118.0,21761
-1165.0,-67.0,-118.0,21761
-1165.0,-67.0,-118.0,21761
-1165.0,-67.0,-118.0,22009
-1165.0,-67.0,-118.0,22010
-1165.0,-67.0,-118.0,22010
-1165.0,-67.0,-118.0,22010
-1159.0,-74.0,-122.0,22010
-1159.0,-74.0,-122.0,22260
-1159.0,-74.0,-122.0,22260
-1159.0,-74.0,-122.0,22261
-1159.0,-74.0,-122.0,22261
-1159.0,-74.0,-122.0,22261
-1159.0,-74.0,-122.0,22510
-1159.0,-74.0,-122.0,22511
-1159.0,-74.0,-122.0,22511
-1159.0,-74.0,-122.0,22512
-1159.0,-74.0,-122.0,22514
-1159.0,-74.0,-122.0,22516
-1159.0,-74.0,-122.0,22770
-1159.0,-74.0,-122.0,22770
-1159.0,-74.0,-122.0,22770
-1159.0,-74.0,-122.0,22771
-1159.0,-74.0,-122.0,22771
-1159.0,-74.0,-122.0,22772
-1159.0,-74.0,-122.0,23010
-1159.0,-74.0,-122.0,23010
-1159.0,-74.0,-122.0,23011
-1159.0,-74.0,-122.0,23011
-1159.0,-74.0,-122.0,23012
-1159.0,-74.0,-122.0,23260
-1159.0,-74.0,-122.0,23260
-1159.0,-74.0,-122.0,23260
-1162.0,-54.0,-123.0,23261
-1162.0,-54.0,-123.0,23261
-1162.0,-54.0,-123.0,23511
-1162.0,-54.0,-123.0,23511
-1162.0,-54.0,-123.0,23512
-1162.0,-54.0,-123.0,23512
-1162.0,-54.0,-123.0,23513
-1162.0,-54.0,-123.0,23514
-1162.0,-54.0,-123.0,23759
-1162.0,-54.0,-123.0,23760
-1162.0,-54.0,-123.0,23760
-1162.0,-54.0,-123.0,23760
-1162.0,-54.0,-123.0,23760
-1162.0,-54.0,-123.0,23764
-1162.0,-54.0,-123.0,24009
-1162.0,-54.0,-123.0,24010
-1162.0,-54.0,-123.0,24010
-1162.0,-54.0,-123.0,24010
-1162.0,-54.0,-123.0,24012
-1162.0,-54.0,-123.0,24012
-1162.0,-54.0,-123.0,24259
-1162.0,-54.0,-123.0,24260
-1162.0,-54.0,-123.0,24261
-1162.0,-54.0,-123.0,24262
-1162.0,-54.0,-123.0,24262
-1162.0,-54.0,-123.0,24511
-1162.0,-62.0,-117.0,24511
-1162.0,-62.0,-117.0,24512
-1162.0,-62.0,-117.0,24512
-1162.0,-62.0,-117.0,24512
-1162.0,-62.0,-117.0,24759
-1162.0,-62.0,-117.0,24759
-1162.0,-62.0,-117.0,24759
-1162.0,-62.0,-117.0,24760
-1162.0,-62.0,-117.0,24760
-1162.0,-62.0,-117.0,25010
-1162.0,-62.0,-117.0,25010
-1162.0,-62.0,-117.0,25010
-1162.0,-62.0,-117.0,25011
-1162.0,-62.0,-117.0,25011
-1162.0,-62.0,-117.0,25012
-1162.0,-62.0,-117.0,25259
-1162.0,-62.0,-117.0,25259
-1162.0,-62.0,-117.0,25260
-1162.0,-62.0,-117.0,25260
-1162.0,-62.0,-117.0,25510
-1162.0,-62.0,-117.0,25510
-1162.0,-62.0,-117.0,25510
-1162.0,-62.0,-117.0,25511
-1162.0,-62.0,-117.0,25511
-1162.0,-62.0,-117.0,25512
-1167.0,-81.0,-119.0,25759
-1167.0,-81.0,-119.0,25759
-1167.0,-81.0,-119.0,25760
-1167.0,-81.0,-119.0,25760
-1167.0,-81.0,-119.0,25761
-1167.0,-81.0,-119.0,25761
-1167.0,-81.0,-119.0,26009
-1167.0,-81.0,-119.0,26009
-1167.0,-81.0,-119.0,26010
-1167.0,-81.0,-119.0,26010
-1167.0,-81.0,-119.0,26010
-1167.0,-81.0,-119.0,26010
-1167.0,-81.0,-119.0,26259
-1167.0,-81.0,-119.0,26259
-1167.0,-81.0,-119.0,26259
-1167.0,-81.0,-119.0,26260
-1167.0,-81.0,-119.0,26260
-1167.0,-81.0,-119.0,26508
-1167.0,-81.0,-119.0,26509
-1167.0,-81.0,-119.0,26509
-1167.0,-81.0,-119.0,26509
-1167.0,-81.0,-119.0,26509
-1167.0,-81.0,-119.0,26761
-1167.0,-81.0,-119.0,26761
-1167.0,-81.0,-119.0,26763
-127.0,-62.0,-125.0,26763
-127.0,-62.0,-125.0,26763
-127.0,-62.0,-125.0,27012
-127.0,-62.0,-125.0,27012
-127.0,-62.0,-125.0,27013
-127.0,-62.0,-125.0,27013
-127.0,-62.0,-125.0,27013
-127.0,-62.0,-125.0,27258
-127.0,-62.0,-125.0,27259
-127.0,-62.0,-125.0,27259
-127.0,-62.0,-125.0,27259
-127.0,-62.0,-125.0,27259
-127.0,-62.0,-125.0,27260
-127.0,-62.0,-125.0,27508
-127.0,-62.0,-125.0,27508
-127.0,-62.0,-125.0,27508
-127.0,-62.0,-125.0,27509
-127.0,-62.0,-125.0,27509
-127.0,-62.0,-125.0,27520
-127.0,-62.0,-125.0,27758
-127.0,-62.0,-125.0,27758
-127.0,-62.0,-125.0,27758
-127.0,-62.0,-125.0,27758
-127.0,-62.0,-125.0,27759
-127.0,-62.0,-125.0,28008
-127.0,-62.0,-125.0,28009
-1163.0,-66.0,-120.0,28009
-1163.0,-66.0,-120.0,28009
-1163.0,-66.0,-120.0,28009
-1163.0,-66.0,-120.0,28268
-1163.0,-66.0,-120.0,28269
-1163.0,-66.0,-120.0,28269
-1163.0,-66.0,-120.0,28269
-1163.0,-66.0,-120.0,28269
-1163.0,-66.0,-120.0,28270
-1163.0,-66.0,-120.0,28508
-1163.0,-66.0,-120.0,28508
-1163.0,-66.0,-120.0,28509
-1163.0,-66.0,-120.0,28509
-1163.0,-66.0,-120.0,28509
-1163.0,-66.0,-120.0,28759
-1163.0,-66.0,-120.0,28759
-1163.0,-66.0,-120.0,28759
-1163.0,-66.0,-120.0,28760
-1163.0,-66.0,-120.0,28760
-1163.0,-66.0,-120.0,29009
-1163.0,-66.0,-120.0,29009
-1163.0,-66.0,-120.0,29009
-1163.0,-66.0,-120.0,29009
-1163.0,-66.0,-120.0,29010
-1163.0,-66.0,-120.0,29010
-1162.0,-69.0,-92.0,29258
-1162.0,-69.0,-92.0,29258
-1162.0,-69.0,-92.0,29258
-1162.0,-69.0,-92.0,29258
-1162.0,-69.0,-92.0,29258
-1162.0,-69.0,-92.0,29259
-1162.0,-69.0,-92.0,29508
-1162.0,-69.0,-92.0,29508
-1162.0,-69.0,-92.0,29509
-1162.0,-69.0,-92.0,29509
-1162.0,-69.0,-92.0,29509
-1162.0,-69.0,-92.0,29759
-1162.0,-69.0,-92.0,29760
-1162.0,-69.0,-92.0,29760
-1162.0,-69.0,-92.0,29760
-1162.0,-69.0,-92.0,29761
-1162.0,-69.0,-92.0,30008
-1162.0,-69.0,-92.0,30009
-1162.0,-69.0,-92.0,30010
-1162.0,-69.0,-92.0,30010
-1162.0,-69.0,-92.0,30011
-1162.0,-69.0,-92.0,30011
-1162.0,-69.0,-92.0,30258
-1162.0,-69.0,-92.0,30259
-1162.0,-69.0,-92.0,30259
-1162.0,-69.0,-92.0,30260
-1166.0,-73.0,-126.0,30260
-1166.0,-73.0,-126.0,30508
-1166.0,-73.0,-126.0,30508
-1166.0,-73.0,-126.0,30509
-1166.0,-73.0,-126.0,30509
-1166.0,-73.0,-126.0,30509
-1166.0,-73.0,-126.0,30509
-1166.0,-73.0,-126.0,30758
-1166.0,-73.0,-126.0,30758
-1166.0,-73.0,-126.0,30759
-1166.0,-73.0,-126.0,30759
-1166.0,-73.0,-126.0,31009
-1166.0,-73.0,-126.0,31009
-1166.0,-73.0,-126.0,31009
-1166.0,-73.0,-126.0,31009
-1166.0,-73.0,-126.0,31009
-1166.0,-73.0,-126.0,31257
-1166.0,-73.0,-126.0,31258
-1166.0,-73.0,-126.0,31258
-1166.0,-73.0,-126.0,31258
-1166.0,-73.0,-126.0,31258
-1166.0,-73.0,-126.0,31509
-1166.0,-73.0,-126.0,31509
-1164.0,-90.0,-109.0,31509
-1164.0,-90.0,-109.0,31510
-1164.0,-90.0,-109.0,31510
-1164.0,-90.0,-109.0,31758
-1164.0,-90.0,-109.0,31758
-1164.0,-90.0,-109.0,31758
-1164.0,-90.0,-109.0,31759
-1164.0,-90.0,-109.0,31759
-1164.0,-90.0,-109.0,32008
-1164.0,-90.0,-109.0,32008
-1164.0,-90.0,-109.0,32008
-1164.0,-90.0,-109.0,32008
-1164.0,-90.0,-109.0,32258
-1164.0,-90.0,-109.0,32258
-1164.0,-90.0,-109.0,32258
-1164.0,-90.0,-109.0,32258
-1164.0,-90.0,-109.0,32258
-1164.0,-90.0,-109.0,32508
-1164.0,-90.0,-109.0,32509
-1164.0,-90.0,-109.0,32509
-1164.0,-90.0,-109.0,32509
-1164.0,-90.0,-109.0,32509
-1164.0,-90.0,-109.0,32509
-1164.0,-90.0,-109.0,32758
-1164.0,-90.0,-109.0,32758
-1167.0,-66.0,-119.0,32758
-1167.0,-66.0,-119.0,32758
-1167.0,-66.0,-119.0,32759
-1167.0,-66.0,-119.0,32759
-1167.0,-66.0,-119.0,33007
-1167.0,-66.0,-119.0,33007
-1167.0,-66.0,-119.0,33007
-1167.0,-66.0,-119.0,33007
-1167.0,-66.0,-119.0,33008
-1167.0,-66.0,-119.0,33257
-1167.0,-66.0,-119.0,33257
-1167.0,-66.0,-119.0,33258
-1167.0,-66.0,-119.0,33258
-1167.0,-66.0,-119.0,33258
-1167.0,-66.0,-119.0,33258
-1167.0,-66.0,-119.0,33508
-1167.0,-66.0,-119.0,33508
-1167.0,-66.0,-119.0,33508
-1167.0,-66.0,-119.0,33508
-1167.0,-66.0,-119.0,33509
-1167.0,-66.0,-119.0,33757
-1167.0,-66.0,-119.0,33757
-1167.0,-66.0,-119.0,33758
-1167.0,-66.0,-119.0,33758
-1167.0,-66.0,-119.0,33758
-1161.0,-61.0,-125.0,34007
-1161.0,-61.0,-125.0,34007
-1161.0,-61.0,-125.0,34008
-1161.0,-61.0,-125.0,34009
-1161.0,-61.0,-125.0,34009
-1161.0,-61.0,-125.0,34009
-1161.0,-61.0,-125.0,34258
-1161.0,-61.0,-125.0,34258
-1161.0,-61.0,-125.0,34258
-1161.0,-61.0,-125.0,34258
-1161.0,-61.0,-125.0,34259
-1161.0,-61.0,-125.0,34259
-1161.0,-61.0,-125.0,34508
-1161.0,-61.0,-125.0,34508
-1161.0,-61.0,-125.0,34508
-1161.0,-61.0,-125.0,34758
-1161.0,-61.0,-125.0,34758
-1161.0,-61.0,-125.0,34758
-1161.0,-61.0,-125.0,34759
-1161.0,-61.0,-125.0,34759
-1161.0,-61.0,-125.0,34759
-1161.0,-61.0,-125.0,35007
-1161.0,-61.0,-125.0,35007
-1161.0,-61.0,-125.0,35007
-1161.0,-61.0,-125.0,35007
-125.0,-52.0,1638.0,35008
-125.0,-52.0,1638.0,35008
-125.0,-52.0,1638.0,35258
-125.0,-52.0,1638.0,35258
-125.0,-52.0,1638.0,35258
-125.0,-52.0,1638.0,35259
-125.0,-52.0,1638.0,35259
-125.0,-52.0,1638.0,35507
-125.0,-52.0,1638.0,35508
-125.0,-52.0,1638.0,35508
-125.0,-52.0,1638.0,35508
-125.0,-52.0,1638.0,35509
-125.0,-52.0,1638.0,35510
-125.0,-52.0,1638.0,35757
-125.0,-52.0,1638.0,35757
-125.0,-52.0,1638.0,35757
-125.0,-52.0,1638.0,35757
-125.0,-52.0,1638.0,35757
-125.0,-52.0,1638.0,36007
-125.0,-52.0,1638.0,36008
-125.0,-52.0,1638.0,36008
-125.0,-52.0,1638.0,36008
-125.0,-52.0,1638.0,36009
-125.0,-52.0,1638.0,36009
-125.0,-52.0,1638.0,36258
-125.0,-52.0,1638.0,36259
-124.0,-75.0,1651.0,36259
-124.0,-75.0,1651.0,36259
-124.0,-75.0,1651.0,36259
-124.0,-75.0,1651.0,36260
-124.0,-75.0,1651.0,36507
-124.0,-75.0,1651.0,36507
-124.0,-75.0,1651.0,36507
-124.0,-75.0,1651.0,36507
-124.0,-75.0,1651.0,36507
-124.0,-75.0,1651.0,36757
-124.0,-75.0,1651.0,36757
-124.0,-75.0,1651.0,36757
-124.0,-75.0,1651.0,36758
-124.0,-75.0,1651.0,36758
-124.0,-75.0,1651.0,37007
-124.0,-75.0,1651.0,37007
-124.0,-75.0,1651.0,37007
-124.0,-75.0,1651.0,37007
-124.0,-75.0,1651.0,37007
-124.0,-75.0,1651.0,37008
-124.0,-75.0,1651.0,37257
-124.0,-75.0,1651.0,37258
-124.0,-75.0,1651.0,37258
-124.0,-75.0,1651.0,37258
-124.0,-75.0,1651.0,37258
-124.0,-75.0,1651.0,37259
-1166.0,-64.0,-108.0,37507
-1166.0,-64.0,-108.0,37508
-1166.0,-64.0,-108.0,37508
-1166.0,-64.0,-108.0,37508
-1166.0,-64.0,-108.0,37508
-1166.0,-64.0,-108.0,37757
-1166.0,-64.0,-108.0,37757
-1166.0,-64.0,-108.0,37757
-1166.0,-64.0,-108.0,37757
-1166.0,-64.0,-108.0,37758
-1166.0,-64.0,-108.0,38007
-1166.0,-64.0,-108.0,38007
-1166.0,-64.0,-108.0,38007
-1166.0,-64.0,-108.0,38007
-1166.0,-64.0,-108.0,38008
-1166.0,-64.0,-108.0,38008
-1166.0,-64.0,-108.0,38257
-1166.0,-64.0,-108.0,38257
-1166.0,-64.0,-108.0,38257
-1166.0,-64.0,-108.0,38257
-1166.0,-64.0,-108.0,38258
-1166.0,-64.0,-108.0,38258
-1166.0,-64.0,-108.0,38506
-1166.0,-64.0,-108.0,38507
-1166.0,-64.0,-108.0,38507
-1166.0,-64.0,-108.0,38507
-1164.0,-73.0,1658.0,38507
-1164.0,-73.0,1658.0,38769
-1164.0,-73.0,1658.0,38769
-1164.0,-73.0,1658.0,38769
-1164.0,-73.0,1658.0,38770
-1164.0,-73.0,1658.0,38770
-1164.0,-73.0,1658.0,39007
-1164.0,-73.0,1658.0,39008
-1164.0,-73.0,1658.0,39008
-1164.0,-73.0,1658.0,39008
-1164.0,-73.0,1658.0,39008
-1164.0,-73.0,1658.0,39008
-1164.0,-73.0,1658.0,39256
-1164.0,-73.0,1658.0,39257
-1164.0,-73.0,1658.0,39257
-1164.0,-73.0,1658.0,39257
-1164.0,-73.0,1658.0,39257
-1164.0,-73.0,1658.0,39257
-1164.0,-73.0,1658.0,39507
-1164.0,-73.0,1658.0,39507
-1164.0,-73.0,1658.0,39508
-1164.0,-73.0,1658.0,39508
-1164.0,-73.0,1658.0,39508
-1164.0,-73.0,1658.0,39509
-1164.0,-73.0,1658.0,39756
-1164.0,-73.0,1658.0,39756
-1163.0,-79.0,-97.0,39757
-1163.0,-79.0,-97.0,39757
-1163.0,-79.0,-97.0,39757
-1163.0,-79.0,-97.0,40006
-1163.0,-79.0,-97.0,40007
-1163.0,-79.0,-97.0,40008
-1163.0,-79.0,-97.0,40009
-1163.0,-79.0,-97.0,40009
-1163.0,-79.0,-97.0,40256
-1163.0,-79.0,-97.0,40257
-1163.0,-79.0,-97.0,40257
-1163.0,-79.0,-97.0,40257
-1163.0,-79.0,-97.0,40257
-1163.0,-79.0,-97.0,40258
-1163.0,-79.0,-97.0,40506
-1163.0,-79.0,-97.0,40507
-1163.0,-79.0,-97.0,40507
-1163.0,-79.0,-97.0,40507
-1163.0,-79.0,-97.0,40507
-1163.0,-79.0,-97.0,40507
-1163.0,-79.0,-97.0,40756
-1163.0,-79.0,-97.0,40757
-1163.0,-79.0,-97.0,40757
-1163.0,-79.0,-97.0,40757
-1163.0,-79.0,-97.0,40757
-1163.0,-79.0,-97.0,40757
-1163.0,-79.0,-97.0,41007
-1175.0,-76.0,1661.0,41007
-1175.0,-76.0,1661.0,41007
-1175.0,-76.0,1661.0,41007
-1175.0,-76.0,1661.0,41008
-1175.0,-76.0,1661.0,41008
-1175.0,-76.0,1661.0,41257
-1175.0,-76.0,1661.0,41257
-1175.0,-76.0,1661.0,41257
-1175.0,-76.0,1661.0,41258
-1175.0,-76.0,1661.0,41258
-1175.0,-76.0,1661.0,41507
-1175.0,-76.0,1661.0,41507
-1175.0,-76.0,1661.0,41508
-1175.0,-76.0,1661.0,41508
-1175.0,-76.0,1661.0,41757
-1175.0,-76.0,1661.0,41758
-1175.0,-76.0,1661.0,41758
-1175.0,-76.0,1661.0,41758
-1175.0,-76.0,1661.0,41759
-1175.0,-76.0,1661.0,41759
-1175.0,-76.0,1661.0,42007
-1175.0,-76.0,1661.0,42008
-1175.0,-76.0,1661.0,42008
-1175.0,-76.0,1661.0,42008
-1175.0,-76.0,1661.0,42008
-1160.0,-77.0,-103.0,42256
-1160.0,-77.0,-103.0,42256
-1160.0,-77.0,-103.0,42257
-1160.0,-77.0,-103.0,42257
-1160.0,-77.0,-103.0,42257
-1160.0,-77.0,-103.0,42506
-1160.0,-77.0,-103.0,42506
-1160.0,-77.0,-103.0,42506
-1160.0,-77.0,-103.0,42507
-1160.0,-77.0,-103.0,42507
-1160.0,-77.0,-103.0,42507
-1160.0,-77.0,-103.0,42756
-1160.0,-77.0,-103.0,42756
-1160.0,-77.0,-103.0,42757
-1160.0,-77.0,-103.0,42764
-1160.0,-77.0,-103.0,42764
-1160.0,-77.0,-103.0,42764
-1160.0,-77.0,-103.0,43006
-1160.0,-77.0,-103.0,43006
-1160.0,-77.0,-103.0,43007
-1160.0,-77.0,-103.0,43007
-1160.0,-77.0,-103.0,43007
-1160.0,-77.0,-103.0,43292
-1160.0,-77.0,-103.0,43292
-1160.0,-77.0,-103.0,43292
-1160.0,-77.0,-103.0,43292
-1153.0,-82.0,-103.0,43292
-1153.0,-82.0,-103.0,43292
-1153.0,-82.0,-103.0,43506
-1153.0,-82.0,-103.0,43506
-1153.0,-82.0,-103.0,43506
-1153.0,-82.0,-103.0,43507
-1153.0,-82.0,-103.0,43507
-1153.0,-82.0,-103.0,43507
-1153.0,-82.0,-103.0,43757
-1153.0,-82.0,-103.0,43757
-1153.0,-82.0,-103.0,43757
-1153.0,-82.0,-103.0,43757
-1153.0,-82.0,-103.0,43757
-1153.0,-82.0,-103.0,43757
-1153.0,-82.0,-103.0,44016
-1153.0,-82.0,-103.0,44016
-1153.0,-82.0,-103.0,44017
-1153.0,-82.0,-103.0,44017
-1153.0,-82.0,-103.0,44017
-1153.0,-82.0,-103.0,44018
-1153.0,-82.0,-103.0,44256
-1153.0,-82.0,-103.0,44256
-1153.0,-82.0,-103.0,44256
-1153.0,-82.0,-103.0,44256
-1153.0,-82.0,-103.0,44256
-1153.0,-82.0,-103.0,44506
-1153.0,-82.0,-103.0,44507
-1158.0,-69.0,-106.0,44507
-1158.0,-69.0,-106.0,44507
-1158.0,-69.0,-106.0,44508
-1158.0,-69.0,-106.0,44508
-1158.0,-69.0,-106.0,44755
-1158.0,-69.0,-106.0,44756
-1158.0,-69.0,-106.0,44756
-1158.0,-69.0,-106.0,44756
-1158.0,-69.0,-106.0,44756
-1158.0,-69.0,-106.0,45006
-1158.0,-69.0,-106.0,45006
-1158.0,-69.0,-106.0,45006
-1158.0,-69.0,-106.0,45006
-1158.0,-69.0,-106.0,45006
-1158.0,-69.0,-106.0,45006
-1158.0,-69.0,-106.0,45256
-1158.0,-69.0,-106.0,45256
-1158.0,-69.0,-106.0,45256
-1158.0,-69.0,-106.0,45256
-1158.0,-69.0,-106.0,45257
-1158.0,-69.0,-106.0,45257
-1158.0,-69.0,-106.0,45506
-1158.0,-69.0,-106.0,45506
-1158.0,-69.0,-106.0,45506
-1158.0,-69.0,-106.0,45506
-1158.0,-69.0,-106.0,45506
-1158.0,-69.0,-106.0,45507
-1171.0,-80.0,1647.0,45756
-1171.0,-80.0,1647.0,45756
-1171.0,-80.0,1647.0,45757
-1171.0,-80.0,1647.0,45757
-1171.0,-80.0,1647.0,46006
-1171.0,-80.0,1647.0,46007
-1171.0,-80.0,1647.0,46007
-1171.0,-80.0,1647.0,46008
-1171.0,-80.0,1647.0,46008
-1171.0,-80.0,1647.0,46256
-1171.0,-80.0,1647.0,46256
-1171.0,-80.0,1647.0,46256
-1171.0,-80.0,1647.0,46256
-1171.0,-80.0,1647.0,46257
-1171.0,-80.0,1647.0,46257
-1171.0,-80.0,1647.0,46506
-1171.0,-80.0,1647.0,46506
-1171.0,-80.0,1647.0,46506
-1171.0,-80.0,1647.0,46507
-1171.0,-80.0,1647.0,46507
-1171.0,-80.0,1647.0,46507
-1171.0,-80.0,1647.0,46757
-1171.0,-80.0,1647.0,46757
-1171.0,-80.0,1647.0,46757
-1171.0,-80.0,1647.0,46758
-1156.0,-67.0,-111.0,46758
-1156.0,-67.0,-111.0,47006
-1156.0,-67.0,-111.0,47006
-1156.0,-67.0,-111.0,47007
-1156.0,-67.0,-111.0,47007
-1156.0,-67.0,-111.0,47007
-1156.0,-67.0,-111.0,47007
-1156.0,-67.0,-111.0,47256
-1156.0,-67.0,-111.0,47256
-1156.0,-67.0,-111.0,47256
-1156.0,-67.0,-111.0,47256
-1156.0,-67.0,-111.0,47257
-1156.0,-67.0,-111.0,47506
-1156.0,-67.0,-111.0,47507
-1156.0,-67.0,-111.0,47507
-1156.0,-67.0,-111.0,47507
-1156.0,-67.0,-111.0,47507
-1156.0,-67.0,-111.0,47508
-1156.0,-67.0,-111.0,47755
-1156.0,-67.0,-111.0,47756
-1156.0,-67.0,-111.0,47756
-1156.0,-67.0,-111.0,47756
-1156.0,-67.0,-111.0,47756
-1156.0,-67.0,-111.0,47756
-1156.0,-67.0,-111.0,48006
-1156.0,-67.0,-111.0,48006
-1164.0,-69.0,-117.0,48006
-1164.0,-69.0,-117.0,48006
-1164.0,-69.0,-117.0,48255
-1164.0,-69.0,-117.0,48256
-1164.0,-69.0,-117.0,48256
-1164.0,-69.0,-117.0,48256
-1164.0,-69.0,-117.0,48256
-1164.0,-69.0,-117.0,48256
-1164.0,-69.0,-117.0,48506
-1164.0,-69.0,-117.0,48506
-1164.0,-69.0,-117.0,48506
-1164.0,-69.0,-117.0,48506
-1164.0,-69.0,-117.0,48506
-1164.0,-69.0,-117.0,48756
-1164.0,-69.0,-117.0,48756
-1164.0,-69.0,-117.0,48756
-1164.0,-69.0,-117.0,48757
-1164.0,-69.0,-117.0,48757
-1164.0,-69.0,-117.0,49005
-1164.0,-69.0,-117.0,49005
-1164.0,-69.0,-117.0,49005
-1164.0,-69.0,-117.0,49005
-1164.0,-69.0,-117.0,49006
-1164.0,-69.0,-117.0,49255
-1164.0,-69.0,-117.0,49255
-1163.0,-69.0,-126.0,49255
-1163.0,-69.0,-126.0,49255
-1163.0,-69.0,-126.0,49255
-1163.0,-69.0,-126.0,49256
-1163.0,-69.0,-126.0,49505
-1163.0,-69.0,-126.0,49505
-1163.0,-69.0,-126.0,49505
-1163.0,-69.0,-126.0,49505
-1163.0,-69.0,-126.0,49505
-1163.0,-69.0,-126.0,49506
-1163.0,-69.0,-126.0,49755
-1163.0,-69.0,-126.0,49755
-1163.0,-69.0,-126.0,49755
-1163.0,-69.0,-126.0,49756
-1163.0,-69.0,-126.0,50006
-1163.0,-69.0,-126.0,50006
-1163.0,-69.0,-126.0,50006
-1163.0,-69.0,-126.0,50006
-1163.0,-69.0,-126.0,50006
-1163.0,-69.0,-126.0,50255
-1163.0,-69.0,-126.0,50255
-1163.0,-69.0,-126.0,50256
-1163.0,-69.0,-126.0,50257
-1163.0,-69.0,-126.0,50257
-126.0,-69.0,-118.0,50258
-126.0,-69.0,-118.0,50505
-126.0,-69.0,-118.0,50505
-126.0,-69.0,-118.0,50506
-126.0,-69.0,-118.0,50506
-126.0,-69.0,-118.0,50506
-126.0,-69.0,-118.0,50756
-126.0,-69.0,-118.0,50756
-126.0,-69.0,-118.0,50757
-126.0,-69.0,-118.0,50757
-126.0,-69.0,-118.0,50757
-126.0,-69.0,-118.0,50757
-126.0,-69.0,-118.0,51005
-126.0,-69.0,-118.0,51005
-126.0,-69.0,-118.0,51006
-126.0,-69.0,-118.0,51006
-126.0,-69.0,-118.0,51006
-126.0,-69.0,-118.0,51255
-126.0,-69.0,-118.0,51255
-126.0,-69.0,-118.0,51256
-126.0,-69.0,-118.0,51256
-126.0,-69.0,-118.0,51257
-126.0,-69.0,-118.0,51506
-126.0,-69.0,-118.0,51506
-126.0,-69.0,-118.0,51506
-126.0,-69.0,-118.0,51507
-1164.0,-69.0,-124.0,51507
-1164.0,-69.0,-124.0,51507
-1164.0,-69.0,-124.0,51755
-1164.0,-69.0,-124.0,51755
-1164.0,-69.0,-124.0,51756
-1164.0,-69.0,-124.0,51756
-1164.0,-69.0,-124.0,51756
-1164.0,-69.0,-124.0,51756
-1164.0,-69.0,-124.0,52006
-1164.0,-69.0,-124.0,52006
-1164.0,-69.0,-124.0,52006
-1164.0,-69.0,-124.0,52006
-1164.0,-69.0,-124.0,52256
-1164.0,-69.0,-124.0,52256
-1164.0,-69.0,-124.0,52256
-1164.0,-69.0,-124.0,52256
-1164.0,-69.0,-124.0,52257
-1164.0,-69.0,-124.0,52257
-1164.0,-69.0,-124.0,52505
-1164.0,-69.0,-124.0,52505
-1164.0,-69.0,-124.0,52505
-1164.0,-69.0,-124.0,52506
-1164.0,-69.0,-124.0,52506
-1164.0,-69.0,-124.0,52507
-1164.0,-69.0,-124.0,52755
-1164.0,-69.0,-124.0,52755
-1176.0,-61.0,-107.0,52755
-1176.0,-61.0,-107.0,52755
-1176.0,-61.0,-107.0,52756
-1176.0,-61.0,-107.0,53007
-1176.0,-61.0,-107.0,53008
-1176.0,-61.0,-107.0,53009
-1176.0,-61.0,-107.0,53009
-1176.0,-61.0,-107.0,53009
-1176.0,-61.0,-107.0,53010
-1176.0,-61.0,-107.0,53256
-1176.0,-61.0,-107.0,53256
-1176.0,-61.0,-107.0,53256
-1176.0,-61.0,-107.0,53256
-1176.0,-61.0,-107.0,53257
-1176.0,-61.0,-107.0,53257
-1176.0,-61.0,-107.0,53505
-1176.0,-61.0,-107.0,53505
-1176.0,-61.0,-107.0,53505
-1176.0,-61.0,-107.0,53506
-1176.0,-61.0,-107.0,53506
-1176.0,-61.0,-107.0,53506
-1176.0,-61.0,-107.0,53755
-1176.0,-61.0,-107.0,53756
-1176.0,-61.0,-107.0,53756
-1161.0,-63.0,-111.0,54005
-1161.0,-63.0,-111.0,54005
-1161.0,-63.0,-111.0,54005
-1161.0,-63.0,-111.0,54006
-1161.0,-63.0,-111.0,54006
-1161.0,-63.0,-111.0,54006
-1161.0,-63.0,-111.0,54256
-1161.0,-63.0,-111.0,54256
-1161.0,-63.0,-111.0,54257
-1161.0,-63.0,-111.0,54257
-1161.0,-63.0,-111.0,54257
-1161.0,-63.0,-111.0,54257
-1161.0,-63.0,-111.0,54515
-1161.0,-63.0,-111.0,54515
-1161.0,-63.0,-111.0,54515
-1161.0,-63.0,-111.0,54515
-1161.0,-63.0,-111.0,54516
-1161.0,-63.0,-111.0,54755
-1161.0,-63.0,-111.0,54755
-1161.0,-63.0,-111.0,54755
-1161.0,-63.0,-111.0,54756
-1161.0,-63.0,-111.0,55005
-1161.0,-63.0,-111.0,55005
-1161.0,-63.0,-111.0,55005
-1161.0,-63.0,-111.0,55005
-1161.0,-63.0,-111.0,55005
-1159.0,-78.0,-103.0,55254
-1159.0,-78.0,-103.0,55255
-1159.0,-78.0,-103.0,55255
-1159.0,-78.0,-103.0,55255
-1159.0,-78.0,-103.0,55255
-1159.0,-78.0,-103.0,55255
-1159.0,-78.0,-103.0,55505
-1159.0,-78.0,-103.0,55505
-1159.0,-78.0,-103.0,55506
-1159.0,-78.0,-103.0,55506
-1159.0,-78.0,-103.0,55506
-1159.0,-78.0,-103.0,55506
-1159.0,-78.0,-103.0,55755
-1159.0,-78.0,-103.0,55755
-1159.0,-78.0,-103.0,55755
-1159.0,-78.0,-103.0,55755
-1159.0,-78.0,-103.0,55755
-1159.0,-78.0,-103.0,55756
-1159.0,-78.0,-103.0,56004
-1159.0,-78.0,-103.0,56004
-1159.0,-78.0,-103.0,56004
-1159.0,-78.0,-103.0,56004
-1159.0,-78.0,-103.0,56005
-1159.0,-78.0,-103.0,56254
-1159.0,-78.0,-103.0,56254
-1159.0,-78.0,-103.0,56255
-1163.0,-74.0,-124.0,56255
-1163.0,-74.0,-124.0,56255
-1163.0,-74.0,-124.0,56255
-1163.0,-74.0,-124.0,56504
-1163.0,-74.0,-124.0,56504
-1163.0,-74.0,-124.0,56504
-1163.0,-74.0,-124.0,56504
-1163.0,-74.0,-124.0,56504
-1163.0,-74.0,-124.0,56504
-1163.0,-74.0,-124.0,56754
-1163.0,-74.0,-124.0,56754
-1163.0,-74.0,-124.0,56754
-1163.0,-74.0,-124.0,56754
-1163.0,-74.0,-124.0,56755
-1163.0,-74.0,-124.0,57004
-1163.0,-74.0,-124.0,57004
-1163.0,-74.0,-124.0,57004
-1163.0,-74.0,-124.0,57004
-1163.0,-74.0,-124.0,57004
-1163.0,-74.0,-124.0,57005
-1163.0,-74.0,-124.0,57265
-1163.0,-74.0,-124.0,57265
-1163.0,-74.0,-124.0,57265
-1163.0,-74.0,-124.0,57265
-1163.0,-74.0,-124.0,57266
-1163.0,-74.0,-124.0,57266
-1166.0,-73.0,1648.0,57504
-1166.0,-73.0,1648.0,57504
-1166.0,-73.0,1648.0,57504
-1166.0,-73.0,1648.0,57513
-1166.0,-73.0,1648.0,57754
-1166.0,-73.0,1648.0,57754
-1166.0,-73.0,1648.0,57755
-1166.0,-73.0,1648.0,57755
-1166.0,-73.0,1648.0,57755
-1166.0,-73.0,1648.0,57755
-1166.0,-73.0,1648.0,58004
-1166.0,-73.0,1648.0,58004
-1166.0,-73.0,1648.0,58005
-1166.0,-73.0,1648.0,58005
-1166.0,-73.0,1648.0,58005
-1166.0,-73.0,1648.0,58254
-1166.0,-73.0,1648.0,58254
-1166.0,-73.0,1648.0,58255
-1166.0,-73.0,1648.0,58255
-1166.0,-73.0,1648.0,58255
-1166.0,-73.0,1648.0,58507
-1166.0,-73.0,1648.0,58507
-1166.0,-73.0,1648.0,58508
-1166.0,-73.0,1648.0,58508
-1166.0,-73.0,1648.0,58508
-1166.0,-73.0,1648.0,58509
-1165.0,-69.0,1652.0,58755
-1165.0,-69.0,1652.0,58756
-1165.0,-69.0,1652.0,58756
-1165.0,-69.0,1652.0,58756
-1165.0,-69.0,1652.0,58757
-1165.0,-69.0,1652.0,58757
-1165.0,-69.0,1652.0,59004
-1165.0,-69.0,1652.0,59005
-1165.0,-69.0,1652.0,59006
-1165.0,-69.0,1652.0,59006
-1165.0,-69.0,1652.0,59007
-1165.0,-69.0,1652.0,59007
-1165.0,-69.0,1652.0,59254
-1165.0,-69.0,1652.0,59255
-1165.0,-69.0,1652.0,59256
-1165.0,-69.0,1652.0,59256
-1165.0,-69.0,1652.0,59256
-1165.0,-69.0,1652.0,59506
-1165.0,-69.0,1652.0,59506
-1165.0,-69.0,1652.0,59507
-1165.0,-69.0,1652.0,59508
-1165.0,-69.0,1652.0,59508
-1165.0,-69.0,1652.0,59509
-1165.0,-69.0,1652.0,59764
-1165.0,-69.0,1652.0,59765
-1165.0,-69.0,1652.0,59765
-1161.0,-71.0,1640.0,59765
-1161.0,-71.0,1640.0,59766
-1161.0,-71.0,1640.0,60004
-1161.0,-71.0,1640.0,60004
-1161.0,-71.0,1640.0,60005
-1161.0,-71.0,1640.0,60005
-1161.0,-71.0,1640.0,60005
-1161.0,-71.0,1640.0,60006
-1161.0,-71.0,1640.0,60254
-1161.0,-71.0,1640.0,60254
-1161.0,-71.0,1640.0,60255
-1161.0,-71.0,1640.0,60255
-1161.0,-71.0,1640.0,60256
-1161.0,-71.0,1640.0,60256
-1161.0,-71.0,1640.0,60504
-1161.0,-71.0,1640.0,60505
-1161.0,-71.0,1640.0,60505
-1161.0,-71.0,1640.0,60506
-1161.0,-71.0,1640.0,60506
-1161.0,-71.0,1640.0,60756
-1161.0,-71.0,1640.0,60756
-1161.0,-71.0,1640.0,60756
-1161.0,-71.0,1640.0,60757
-1161.0,-71.0,1640.0,60757
-1161.0,-71.0,1640.0,60758
-1161.0,-71.0,1640.0,61005
-1161.0,-71.0,1640.0,61005
-1172.0,-78.0,1648.0,61006
-1172.0,-78.0,1648.0,61006
-1172.0,-78.0,1648.0,61007
-1172.0,-78.0,1648.0,61255
-1172.0,-78.0,1648.0,61256
-1172.0,-78.0,1648.0,61257
-1172.0,-78.0,1648.0,61257
-1172.0,-78.0,1648.0,61258
-1172.0,-78.0,1648.0,61258
-1172.0,-78.0,1648.0,61504
-1172.0,-78.0,1648.0,61504
-1172.0,-78.0,1648.0,61505
-1172.0,-78.0,1648.0,61505
-1172.0,-78.0,1648.0,61506
-1172.0,-78.0,1648.0,61753
-1172.0,-78.0,1648.0,61754
-1172.0,-78.0,1648.0,61754
-1172.0,-78.0,1648.0,61755
-1172.0,-78.0,1648.0,61755
-1172.0,-78.0,1648.0,62005
-1172.0,-78.0,1648.0,62006
-1172.0,-78.0,1648.0,62006
-1172.0,-78.0,1648.0,62007
-1172.0,-78.0,1648.0,62007
-1172.0,-78.0,1648.0,62008
-1172.0,-78.0,1648.0,62253
-1179.0,-73.0,-119.0,62255
-1179.0,-73.0,-119.0,62255
-1179.0,-73.0,-119.0,62255
-1179.0,-73.0,-119.0,62256
-1179.0,-73.0,-119.0,62256
-1179.0,-73.0,-119.0,62504
-1179.0,-73.0,-119.0,62504
-1179.0,-73.0,-119.0,62505
-1179.0,-73.0,-119.0,62506
-1179.0,-73.0,-119.0,62506
-1179.0,-73.0,-119.0,62507
-1179.0,-73.0,-119.0,62764
-1179.0,-73.0,-119.0,62765
-1179.0,-73.0,-119.0,62765
-1179.0,-73.0,-119.0,62765
-1179.0,-73.0,-119.0,62765
-1179.0,-73.0,-119.0,63004
-1179.0,-73.0,-119.0,63004
-1179.0,-73.0,-119.0,63004
-1179.0,-73.0,-119.0,63004
-1179.0,-73.0,-119.0,63005
-1179.0,-73.0,-119.0,63254
-1179.0,-73.0,-119.0,63254
-1179.0,-73.0,-119.0,63254
-1179.0,-73.0,-119.0,63254
-1179.0,-73.0,-119.0,63254
-1159.0,-80.0,-126.0,63255
-1159.0,-80.0,-126.0,63504
-1159.0,-80.0,-126.0,63504
-1159.0,-80.0,-126.0,63504
-1159.0,-80.0,-126.0,63504
-1159.0,-80.0,-126.0,63504
-1159.0,-80.0,-126.0,63505
-1159.0,-80.0,-126.0,63753
-1159.0,-80.0,-126.0,63754
-1159.0,-80.0,-126.0,63754
-1159.0,-80.0,-126.0,63754
-1159.0,-80.0,-126.0,63754
-1159.0,-80.0,-126.0,64003
-1159.0,-80.0,-126.0,64003
-1159.0,-80.0,-126.0,64003
-1159.0,-80.0,-126.0,64003
-1159.0,-80.0,-126.0,64004
-1159.0,-80.0,-126.0,64004
-1159.0,-80.0,-126.0,64253
-1159.0,-80.0,-126.0,64253
-1159.0,-80.0,-126.0,64254
-1159.0,-80.0,-126.0,64254
-1159.0,-80.0,-126.0,64254
-1159.0,-80.0,-126.0,64503
-1159.0,-80.0,-126.0,64503
-1153.0,-71.0,-99.0,64503
-1153.0,-71.0,-99.0,64504
-1153.0,-71.0,-99.0,64504
-1153.0,-71.0,-99.0,64504
-1153.0,-71.0,-99.0,64753
-1153.0,-71.0,-99.0,64753
-1153.0,-71.0,-99.0,64754
-1153.0,-71.0,-99.0,64754
-1153.0,-71.0,-99.0,64754
-1153.0,-71.0,-99.0,65004
-1153.0,-71.0,-99.0,65005
-1153.0,-71.0,-99.0,65006
-1153.0,-71.0,-99.0,65006
-1153.0,-71.0,-99.0,65007
-1153.0,-71.0,-99.0,65253
-1153.0,-71.0,-99.0,65255
-1153.0,-71.0,-99.0,65257
-1153.0,-71.0,-99.0,65257
-1153.0,-71.0,-99.0,65257
-1153.0,-71.0,-99.0,65257
-1153.0,-71.0,-99.0,65503
-1153.0,-71.0,-99.0,65504
-1153.0,-71.0,-99.0,65504
-1153.0,-71.0,-99.0,65504
-1153.0,-71.0,-99.0,65504
-1153.0,-71.0,-99.0,65755
-1153.0,-71.0,-99.0,65755
-125.0,-73.0,-112.0,65756
-125.0,-73.0,-112.0,65756
-125.0,-73.0,-112.0,65756
-125.0,-73.0,-112.0,65756
-125.0,-73.0,-112.0,66003
-125.0,-73.0,-112.0,66004
-125.0,-73.0,-112.0,66004
-125.0,-73.0,-112.0,66004
-125.0,-73.0,-112.0,66005
-125.0,-73.0,-112.0,66005
-125.0,-73.0,-112.0,66253
-125.0,-73.0,-112.0,66254
-125.0,-73.0,-112.0,66254
-125.0,-73.0,-112.0,66254
-125.0,-73.0,-112.0,66254
-125.0,-73.0,-112.0,66254
-125.0,-73.0,-112.0,66503
-125.0,-73.0,-112.0,66503
-125.0,-73.0,-112.0,66503
-125.0,-73.0,-112.0,66504
-125.0,-73.0,-112.0,66504
-125.0,-73.0,-112.0,66504
-125.0,-73.0,-112.0,66753
-125.0,-73.0,-112.0,66753
-125.0,-73.0,-112.0,66753
-125.0,-73.0,-112.0,66753
-1165.0,-72.0,-114.0,66753
-1165.0,-72.0,-114.0,67003
-1165.0,-72.0,-114.0,67003
-1165.0,-72.0,-114.0,67003
-1165.0,-72.0,-114.0,67003
-1165.0,-72.0,-114.0,67004
-1165.0,-72.0,-114.0,67253
-1165.0,-72.0,-114.0,67254
-1165.0,-72.0,-114.0,67254
-1165.0,-72.0,-114.0,67254
-1165.0,-72.0,-114.0,67254
-1165.0,-72.0,-114.0,67503
-1165.0,-72.0,-114.0,67503
-1165.0,-72.0,-114.0,67504
-1165.0,-72.0,-114.0,67504
-1165.0,-72.0,-114.0,67504
-1165.0,-72.0,-114.0,67504
-1165.0,-72.0,-114.0,67752
-1165.0,-72.0,-114.0,67753
-1165.0,-72.0,-114.0,67753
-1165.0,-72.0,-114.0,67753
-1165.0,-72.0,-114.0,67753
-1165.0,-72.0,-114.0,68003
-1165.0,-72.0,-114.0,68003
-1165.0,-72.0,-114.0,68003
-1165.0,-72.0,-114.0,68003
-1153.0,-76.0,-118.0,68004
-1153.0,-76.0,-118.0,68004
-1153.0,-76.0,-118.0,68252
-1153.0,-76.0,-118.0,68253
-1153.0,-76.0,-118.0,68253
-1153.0,-76.0,-118.0,68253
-1153.0,-76.0,-118.0,68253
-1153.0,-76.0,-118.0,68254
-1153.0,-76.0,-118.0,68502
-1153.0,-76.0,-118.0,68502
-1153.0,-76.0,-118.0,68503
-1153.0,-76.0,-118.0,68503
-1153.0,-76.0,-118.0,68503
-1153.0,-76.0,-118.0,68753
-1153.0,-76.0,-118.0,68754
-1153.0,-76.0,-118.0,68755
-1153.0,-76.0,-118.0,68755
-1153.0,-76.0,-118.0,68756
-1153.0,-76.0,-118.0,69003
-1153.0,-76.0,-118.0,69003
-1153.0,-76.0,-118.0,69003
-1153.0,-76.0,-118.0,69003
-1153.0,-76.0,-118.0,69004
-1153.0,-76.0,-118.0,69252
-1153.0,-76.0,-118.0,69253
-1158.0,-55.0,-110.0,69254
-1158.0,-55.0,-110.0,69254
-1158.0,-55.0,-110.0,69255
-1158.0,-55.0,-110.0,69256
-1158.0,-55.0,-110.0,69503
-1158.0,-55.0,-110.0,69503
-1158.0,-55.0,-110.0,69503
-1158.0,-55.0,-110.0,69503
-1158.0,-55.0,-110.0,69504
-1158.0,-55.0,-110.0,69752
-1158.0,-55.0,-110.0,69752
-1158.0,-55.0,-110.0,69752
-1158.0,-55.0,-110.0,69752
-1158.0,-55.0,-110.0,69753
-1158.0,-55.0,-110.0,69753
-1158.0,-55.0,-110.0,70002
-1158.0,-55.0,-110.0,70002
-1158.0,-55.0,-110.0,70002
-1158.0,-55.0,-110.0,70003
-1158.0,-55.0,-110.0,70254
-1158.0,-55.0,-110.0,70254
-1158.0,-55.0,-110.0,70254
-1158.0,-55.0,-110.0,70255
-1158.0,-55.0,-110.0,70255
-1164.0,-78.0,-121.0,70505
-1164.0,-78.0,-121.0,70505
-1164.0,-78.0,-121.0,70506
-1164.0,-78.0,-121.0,70506
-1164.0,-78.0,-121.0,70506
-1164.0,-78.0,-121.0,70506
-1164.0,-78.0,-121.0,70753
-1164.0,-78.0,-121.0,70753
-1164.0,-78.0,-121.0,70753
-1164.0,-78.0,-121.0,70753
-1164.0,-78.0,-121.0,70754
-1164.0,-78.0,-121.0,71004
-1164.0,-78.0,-121.0,71004
-1164.0,-78.0,-121.0,71005
-1164.0,-78.0,-121.0,71005
-1164.0,-78.0,-121.0,71005
-1164.0,-78.0,-121.0,71005
-1164.0,-78.0,-121.0,71253
-1164.0,-78.0,-121.0,71253
-1164.0,-78.0,-121.0,71253
-1164.0,-78.0,-121.0,71253
-1164.0,-78.0,-121.0,71253
-1164.0,-78.0,-121.0,71254
-1164.0,-78.0,-121.0,71502
-1164.0,-78.0,-121.0,71502
-1164.0,-78.0,-121.0,71502
-1164.0,-78.0,-121.0,71503
-1154.0,-55.0,-127.0,71503
-1154.0,-55.0,-127.0,71503
-1154.0,-55.0,-127.0,71753
-1154.0,-55.0,-127.0,71753
-1154.0,-55.0,-127.0,71753
-1154.0,-55.0,-127.0,71754
-1154.0,-55.0,-127.0,71754
-1154.0,-55.0,-127.0,72003
-1154.0,-55.0,-127.0,72003
-1154.0,-55.0,-127.0,72003
-1154.0,-55.0,-127.0,72003
-1154.0,-55.0,-127.0,72003
-1154.0,-55.0,-127.0,72004
-1154.0,-55.0,-127.0,72253
-1154.0,-55.0,-127.0,72253
-1154.0,-55.0,-127.0,72253
-1154.0,-55.0,-127.0,72263
-1154.0,-55.0,-127.0,72263
-1154.0,-55.0,-127.0,72503
-1154.0,-55.0,-127.0,72503
-1154.0,-55.0,-127.0,72504
-1154.0,-55.0,-127.0,72504
-1154.0,-55.0,-127.0,72504
-1154.0,-55.0,-127.0,72504
-1154.0,-55.0,-127.0,72752
-1154.0,-55.0,-127.0,72752
-1154.0,-55.0,-127.0,72753
-1154.0,-68.0,-105.0,72753
-1154.0,-68.0,-105.0,72753
-1154.0,-68.0,-105.0,72753
-1154.0,-68.0,-105.0,73003
-1154.0,-68.0,-105.0,73003
-1154.0,-68.0,-105.0,73003
-1154.0,-68.0,-105.0,73004
-1154.0,-68.0,-105.0,73004
-1154.0,-68.0,-105.0,73254
-1154.0,-68.0,-105.0,73254
-1154.0,-68.0,-105.0,73254
-1154.0,-68.0,-105.0,73254
-1154.0,-68.0,-105.0,73255
-1154.0,-68.0,-105.0,73503
-1154.0,-68.0,-105.0,73503
-1154.0,-68.0,-105.0,73503
-1154.0,-68.0,-105.0,73503
-1154.0,-68.0,-105.0,73503
-1154.0,-68.0,-105.0,73504
-1154.0,-68.0,-105.0,73752
-1154.0,-68.0,-105.0,73752
-1154.0,-68.0,-105.0,73752
-1154.0,-68.0,-105.0,73753
-1154.0,-68.0,-105.0,73753
-1154.0,-68.0,-105.0,73753
-1173.0,-81.0,-108.0,74002
-1173.0,-81.0,-108.0,74003
-1173.0,-81.0,-108.0,74003
-1173.0,-81.0,-108.0,74003
-1173.0,-81.0,-108.0,74004
-1173.0,-81.0,-108.0,74253
-1173.0,-81.0,-108.0,74254
-1173.0,-81.0,-108.0,74254
-1173.0,-81.0,-108.0,74254
-1173.0,-81.0,-108.0,74254
-1173.0,-81.0,-108.0,74254
-1173.0,-81.0,-108.0,74502
-1173.0,-81.0,-108.0,74502
-1173.0,-81.0,-108.0,74503
-1173.0,-81.0,-108.0,74503
-1173.0,-81.0,-108.0,74503
-1173.0,-81.0,-108.0,74503
-1173.0,-81.0,-108.0,74752
-1173.0,-81.0,-108.0,74752
-1173.0,-81.0,-108.0,74752
-1173.0,-81.0,-108.0,74752
-1173.0,-81.0,-108.0,74752
-1173.0,-81.0,-108.0,75002
-1173.0,-81.0,-108.0,75002
-1173.0,-81.0,-108.0,75002
-1173.0,-81.0,-108.0,75002
-1173.0,-81.0,-108.0,75003
-1157.0,-77.0,-123.0,75003
-1157.0,-77.0,-123.0,75252
-1157.0,-77.0,-123.0,75252
-1157.0,-77.0,-123.0,75252
-1157.0,-77.0,-123.0,75252
-1157.0,-77.0,-123.0,75252
-1157.0,-77.0,-123.0,75252
-1157.0,-77.0,-123.0,75502
-1157.0,-77.0,-123.0,75502
-1157.0,-77.0,-123.0,75503
-1157.0,-77.0,-123.0,75503
-1157.0,-77.0,-123.0,75503
-1157.0,-77.0,-123.0,75503
-1157.0,-77.0,-123.0,75751
-1157.0,-77.0,-123.0,75751
-1157.0,-77.0,-123.0,75752
-1157.0,-77.0,-123.0,75752
-1157.0,-77.0,-123.0,75752
-1157.0,-77.0,-123.0,75752
-1157.0,-77.0,-123.0,76002
-1157.0,-77.0,-123.0,76002
-1157.0,-77.0,-123.0,76002
-1157.0,-77.0,-123.0,76002
-1157.0,-77.0,-123.0,76002
-1157.0,-77.0,-123.0,76262
-1157.0,-77.0,-123.0,76262
-1161.0,-70.0,-104.0,76262
-1161.0,-70.0,-104.0,76262
-1161.0,-70.0,-104.0,76263
-1161.0,-70.0,-104.0,76502
-1161.0,-70.0,-104.0,76502
-1161.0,-70.0,-104.0,76504
-1161.0,-70.0,-104.0,76504
-1161.0,-70.0,-104.0,76504
-1161.0,-70.0,-104.0,76751
-1161.0,-70.0,-104.0,76751
-1161.0,-70.0,-104.0,76752
-1161.0,-70.0,-104.0,76752
-1161.0,-70.0,-104.0,76752
-1161.0,-70.0,-104.0,77002
-1161.0,-70.0,-104.0,77002
-1161.0,-70.0,-104.0,77002
-1161.0,-70.0,-104.0,77002
-1161.0,-70.0,-104.0,77002
-1161.0,-70.0,-104.0,77253
-1161.0,-70.0,-104.0,77253
-1161.0,-70.0,-104.0,77253
-1161.0,-70.0,-104.0,77253
-1161.0,-70.0,-104.0,77253
-1161.0,-70.0,-104.0,77254
-1161.0,-70.0,-104.0,77503
-128.0,-65.0,-103.0,77503
-128.0,-65.0,-103.0,77503
-128.0,-65.0,-103.0,77503
-128.0,-65.0,-103.0,77503
-128.0,-65.0,-103.0,77753
-128.0,-65.0,-103.0,77754
-128.0,-65.0,-103.0,77754
-128.0,-65.0,-103.0,77754
-128.0,-65.0,-103.0,77754
-128.0,-65.0,-103.0,78001
-128.0,-65.0,-103.0,78002
-128.0,-65.0,-103.0,78002
-128.0,-65.0,-103.0,78004
-128.0,-65.0,-103.0,78004
-128.0,-65.0,-103.0,78252
-128.0,-65.0,-103.0,78253
-128.0,-65.0,-103.0,78253
-128.0,-65.0,-103.0,78254
-128.0,-65.0,-103.0,78254
-128.0,-65.0,-103.0,78254
-128.0,-65.0,-103.0,78502
-128.0,-65.0,-103.0,78503
-128.0,-65.0,-103.0,78503
-128.0,-65.0,-103.0,78503
-128.0,-65.0,-103.0,78504
-1172.0,-72.0,-123.0,78752
-1172.0,-72.0,-123.0,78753
-1172.0,-72.0,-123.0,78753
-1172.0,-72.0,-123.0,78753
-1172.0,-72.0,-123.0,78753
-1172.0,-72.0,-123.0,78753
-1172.0,-72.0,-123.0,79002
-1172.0,-72.0,-123.0,79003
-1172.0,-72.0,-123.0,79003
-1172.0,-72.0,-123.0,79004
-1172.0,-72.0,-123.0,79004
-1172.0,-72.0,-123.0,79004
-1172.0,-72.0,-123.0,79252
-1172.0,-72.0,-123.0,79253
-1172.0,-72.0,-123.0,79253
-1172.0,-72.0,-123.0,79253
-1172.0,-72.0,-123.0,79254
-1172.0,-72.0,-123.0,79503
-1172.0,-72.0,-123.0,79503
-1172.0,-72.0,-123.0,79503
-1172.0,-72.0,-123.0,79503
-1172.0,-72.0,-123.0,79504
-1172.0,-72.0,-123.0,79752
-1172.0,-72.0,-123.0,79754
-1172.0,-72.0,-123.0,79754
-1172.0,-72.0,-123.0,79755
-1176.0,-70.0,-120.0,79755
-1176.0,-70.0,-120.0,80002
-1176.0,-70.0,-120.0,80004
-1176.0,-70.0,-120.0,80004
-1176.0,-70.0,-120.0,80004
-1176.0,-70.0,-120.0,80004
-1176.0,-70.0,-120.0,80004
-1176.0,-70.0,-120.0,80251
-1176.0,-70.0,-120.0,80251
-1176.0,-70.0,-120.0,80252
-1176.0,-70.0,-120.0,80252
-1176.0,-70.0,-120.0,80252
-1176.0,-70.0,-120.0,80503
-1176.0,-70.0,-120.0,80503
-1176.0,-70.0,-120.0,80504
-1176.0,-70.0,-120.0,80504
-1176.0,-70.0,-120.0,80504
-1176.0,-70.0,-120.0,80753
-1176.0,-70.0,-120.0,80753
-1176.0,-70.0,-120.0,80754
-1176.0,-70.0,-120.0,80755
-1176.0,-70.0,-120.0,80755
-1176.0,-70.0,-120.0,81002
-1176.0,-70.0,-120.0,81002
-1163.0,-64.0,-126.0,81003
-1163.0,-64.0,-126.0,81003
-1163.0,-64.0,-126.0,81004
-1163.0,-64.0,-126.0,81255
-1163.0,-64.0,-126.0,81255
-1163.0,-64.0,-126.0,81256
-1163.0,-64.0,-126.0,81256
-1163.0,-64.0,-126.0,81256
-1163.0,-64.0,-126.0,81256
-1163.0,-64.0,-126.0,81503
-1163.0,-64.0,-126.0,81503
-1163.0,-64.0,-126.0,81503
-1163.0,-64.0,-126.0,81504
-1163.0,-64.0,-126.0,81504
-1163.0,-64.0,-126.0,81504
-1163.0,-64.0,-126.0,81754
-1163.0,-64.0,-126.0,81754
-1163.0,-64.0,-126.0,81754
-1163.0,-64.0,-126.0,81755
-1163.0,-64.0,-126.0,81755
-1163.0,-64.0,-126.0,81755
-1163.0,-64.0,-126.0,82002
-1163.0,-64.0,-126.0,82002
-1163.0,-64.0,-126.0,82003
-1163.0,-64.0,-126.0,82003
-1163.0,-64.0,-126.0,82004
-1163.0,-64.0,-126.0,82252
-1168.0,-83.0,-100.0,82253
-1168.0,-83.0,-100.0,82253
-1168.0,-83.0,-100.0,82254
-1168.0,-83.0,-100.0,82254
-1168.0,-83.0,-100.0,82254
-1168.0,-83.0,-100.0,82501
-1168.0,-83.0,-100.0,82502
-1168.0,-83.0,-100.0,82503
-1168.0,-83.0,-100.0,82503
-1168.0,-83.0,-100.0,82504
-1168.0,-83.0,-100.0,82752
-1168.0,-83.0,-100.0,82753
-1168.0,-83.0,-100.0,82753
-1168.0,-83.0,-100.0,82754
-1168.0,-83.0,-100.0,82754
-1168.0,-83.0,-100.0,82754
-1168.0,-83.0,-100.0,83000
-1168.0,-83.0,-100.0,83001
-1168.0,-83.0,-100.0,83001
-1168.0,-83.0,-100.0,83001
-1168.0,-83.0,-100.0,83001
-1168.0,-83.0,-100.0,83001
-1168.0,-83.0,-100.0,83250
-1168.0,-83.0,-100.0,83251
-1168.0,-83.0,-100.0,83251
-1168.0,-83.0,-100.0,83251
-1161.0,-69.0,-116.0,83251
-1161.0,-69.0,-116.0,83251
-1161.0,-69.0,-116.0,83501
-1161.0,-69.0,-116.0,83501
-1161.0,-69.0,-116.0,83501
-1161.0,-69.0,-116.0,83501
-1161.0,-69.0,-116.0,83501
-1161.0,-69.0,-116.0,83501
-1161.0,-69.0,-116.0,83751
-1161.0,-69.0,-116.0,83751
-1161.0,-69.0,-116.0,83751
-1161.0,-69.0,-116.0,83751
-1161.0,-69.0,-116.0,83752
-1161.0,-69.0,-116.0,84001
-1161.0,-69.0,-116.0,84001
-1161.0,-69.0,-116.0,84001
-1161.0,-69.0,-116.0,84001
-1161.0,-69.0,-116.0,84002
-1161.0,-69.0,-116.0,84252
-1161.0,-69.0,-116.0,84252
-1161.0,-69.0,-116.0,84252
-1161.0,-69.0,-116.0,84252
-1161.0,-69.0,-116.0,84253
-1161.0,-69.0,-116.0,84253
-1161.0,-69.0,-116.0,84501
-1161.0,-69.0,-116.0,84501
-1163.0,-80.0,1655.0,84501
-1163.0,-80.0,1655.0,84501
-1163.0,-80.0,1655.0,84501
-1163.0,-80.0,1655.0,84750
-1163.0,-80.0,1655.0,84751
-1163.0,-80.0,1655.0,84751
-1163.0,-80.0,1655.0,84751
-1163.0,-80.0,1655.0,84751
-1163.0,-80.0,1655.0,84751
-1163.0,-80.0,1655.0,85000
-1163.0,-80.0,1655.0,85000
-1163.0,-80.0,1655.0,85001
-1163.0,-80.0,1655.0,85001
-1163.0,-80.0,1655.0,85001
-1163.0,-80.0,1655.0,85001
-1163.0,-80.0,1655.0,85251
-1163.0,-80.0,1655.0,85251
-1163.0,-80.0,1655.0,85251
-1163.0,-80.0,1655.0,85251
-1163.0,-80.0,1655.0,85252
-1163.0,-80.0,1655.0,85252
-1163.0,-80.0,1655.0,85501
-1163.0,-80.0,1655.0,85501
-1163.0,-80.0,1655.0,85501
-1163.0,-80.0,1655.0,85501
-1163.0,-80.0,1655.0,85502
-1169.0,-67.0,-115.0,85751
-1169.0,-67.0,-115.0,85751
-1169.0,-67.0,-115.0,85752
-1169.0,-67.0,-115.0,85752
-1169.0,-67.0,-115.0,85752
-1169.0,-67.0,-115.0,86001
-1169.0,-67.0,-115.0,86001
-1169.0,-67.0,-115.0,86001
-1169.0,-67.0,-115.0,86002
-1169.0,-67.0,-115.0,86002
-1169.0,-67.0,-115.0,86002
-1169.0,-67.0,-115.0,86251
-1169.0,-67.0,-115.0,86251
-1169.0,-67.0,-115.0,86251
-1169.0,-67.0,-115.0,86252
-1169.0,-67.0,-115.0,86252
-1169.0,-67.0,-115.0,86502
-1169.0,-67.0,-115.0,86502
-1169.0,-67.0,-115.0,86502
-1169.0,-67.0,-115.0,86503
-1169.0,-67.0,-115.0,86504
-1169.0,-67.0,-115.0,86504
-1169.0,-67.0,-115.0,86751
-1169.0,-67.0,-115.0,86751
-1169.0,-67.0,-115.0,86751
-1169.0,-67.0,-115.0,86751
-1169.0,-67.0,-115.0,86751
-1169.0,-67.0,-115.0,86752
-127.0,-68.0,-111.0,87010
-127.0,-68.0,-111.0,87010
-127.0,-68.0,-111.0,87011
-127.0,-68.0,-111.0,87011
-127.0,-68.0,-111.0,87011
-127.0,-68.0,-111.0,87011
-127.0,-68.0,-111.0,87262
-127.0,-68.0,-111.0,87263
-127.0,-68.0,-111.0,87263
-127.0,-68.0,-111.0,87263
-127.0,-68.0,-111.0,87263
-127.0,-68.0,-111.0,87263
-127.0,-68.0,-111.0,87501
-127.0,-68.0,-111.0,87501
-127.0,-68.0,-111.0,87501
-127.0,-68.0,-111.0,87502
-127.0,-68.0,-111.0,87502
-127.0,-68.0,-111.0,87503
-127.0,-68.0,-111.0,87750
-127.0,-68.0,-111.0,87750
-127.0,-68.0,-111.0,87750
-127.0,-68.0,-111.0,87751
-127.0,-68.0,-111.0,87751
-127.0,-68.0,-111.0,88001
-127.0,-68.0,-111.0,88001
-127.0,-68.0,-111.0,88001
-1172.0,-60.0,-123.0,88001
-1172.0,-60.0,-123.0,88001
-1172.0,-60.0,-123.0,88250
-1172.0,-60.0,-123.0,88251
-1172.0,-60.0,-123.0,88251
-1172.0,-60.0,-123.0,88251
-1172.0,-60.0,-123.0,88251
-1172.0,-60.0,-123.0,88501
-1172.0,-60.0,-123.0,88502
-1172.0,-60.0,-123.0,88502
-1172.0,-60.0,-123.0,88502
-1172.0,-60.0,-123.0,88502
-1172.0,-60.0,-123.0,88751
-1172.0,-60.0,-123.0,88751
-1172.0,-60.0,-123.0,88751
-1172.0,-60.0,-123.0,88751
-1172.0,-60.0,-123.0,88751
-1172.0,-60.0,-123.0,89000
-1172.0,-60.0,-123.0,89001
-1172.0,-60.0,-123.0,89001
-1172.0,-60.0,-123.0,89001
-1172.0,-60.0,-123.0,89001
-1172.0,-60.0,-123.0,89001
-1172.0,-60.0,-123.0,89250
-1172.0,-60.0,-123.0,89250
-1166.0,-76.0,1658.0,89250
-1166.0,-76.0,1658.0,89251
-1166.0,-76.0,1658.0,89251
-1166.0,-76.0,1658.0,89251
-1166.0,-76.0,1658.0,89500
-1166.0,-76.0,1658.0,89500
-1166.0,-76.0,1658.0,89500
-1166.0,-76.0,1658.0,89500
-1166.0,-76.0,1658.0,89500
-1166.0,-76.0,1658.0,89750
-1166.0,-76.0,1658.0,89750
-1166.0,-76.0,1658.0,89750
-1166.0,-76.0,1658.0,89751
-1166.0,-76.0,1658.0,89751
-1166.0,-76.0,1658.0,90000
-1166.0,-76.0,1658.0,90000
-1166.0,-76.0,1658.0,90000
-1166.0,-76.0,1658.0,90000
-1166.0,-76.0,1658.0,90000
-1166.0,-76.0,1658.0,90001
-1166.0,-76.0,1658.0,90250
-1166.0,-76.0,1658.0,90250
-1166.0,-76.0,1658.0,90250
-1166.0,-76.0,1658.0,90250
-1166.0,-76.0,1658.0,90250
-1166.0,-76.0,1658.0,90501
-125.0,-81.0,-124.0,90503
-125.0,-81.0,-124.0,90503
-125.0,-81.0,-124.0,90503
-125.0,-81.0,-124.0,90504
-125.0,-81.0,-124.0,90504
-125.0,-81.0,-124.0,90750
-125.0,-81.0,-124.0,90751
-125.0,-81.0,-124.0,90751
-125.0,-81.0,-124.0,90751
-125.0,-81.0,-124.0,90751
-125.0,-81.0,-124.0,90752
-125.0,-81.0,-124.0,90999
-125.0,-81.0,-124.0,91000
-125.0,-81.0,-124.0,91000
-125.0,-81.0,-124.0,91000
-125.0,-81.0,-124.0,91000
-125.0,-81.0,-124.0,91250
-125.0,-81.0,-124.0,91250
-125.0,-81.0,-124.0,91250
-125.0,-81.0,-124.0,91251
-125.0,-81.0,-124.0,91251
-125.0,-81.0,-124.0,91500
-125.0,-81.0,-124.0,91500
-125.0,-81.0,-124.0,91500
-125.0,-81.0,-124.0,91500
-125.0,-81.0,-124.0,91501
-1157.0,-73.0,-115.0,91501
-1157.0,-73.0,-115.0,91750
-1157.0,-73.0,-115.0,91750
-1157.0,-73.0,-115.0,91750
-1157.0,-73.0,-115.0,91750
-1157.0,-73.0,-115.0,91750
-1157.0,-73.0,-115.0,91751
-1157.0,-73.0,-115.0,92000
-1157.0,-73.0,-115.0,92000
-1157.0,-73.0,-115.0,92000
-1157.0,-73.0,-115.0,92001
-1157.0,-73.0,-115.0,92001
-1157.0,-73.0,-115.0,92001
-1157.0,-73.0,-115.0,92249
-1157.0,-73.0,-115.0,92249
-1157.0,-73.0,-115.0,92249
-1157.0,-73.0,-115.0,92249
-1157.0,-73.0,-115.0,92250
-1157.0,-73.0,-115.0,92250
-1157.0,-73.0,-115.0,92500
-1157.0,-73.0,-115.0,92500
-1157.0,-73.0,-115.0,92500
-1157.0,-73.0,-115.0,92501
-1157.0,-73.0,-115.0,92501
-1157.0,-73.0,-115.0,92749
-1157.0,-73.0,-115.0,92750
-1157.0,-73.0,-115.0,92751
-1165.0,-65.0,-104.0,92751
-1165.0,-65.0,-104.0,92752
-1165.0,-65.0,-104.0,92752
-1165.0,-65.0,-104.0,92999
-1165.0,-65.0,-104.0,92999
-1165.0,-65.0,-104.0,93000
-1165.0,-65.0,-104.0,93000
-1165.0,-65.0,-104.0,93000
-1165.0,-65.0,-104.0,93249
-1165.0,-65.0,-104.0,93249
-1165.0,-65.0,-104.0,93250
-1165.0,-65.0,-104.0,93250
-1165.0,-65.0,-104.0,93250
-1165.0,-65.0,-104.0,93250
-1165.0,-65.0,-104.0,93499
-1165.0,-65.0,-104.0,93499
-1165.0,-65.0,-104.0,93500
-1165.0,-65.0,-104.0,93500
-1165.0,-65.0,-104.0,93500
-1165.0,-65.0,-104.0,93500
-1165.0,-65.0,-104.0,93749
-1165.0,-65.0,-104.0,93749
-1165.0,-65.0,-104.0,93749
-1165.0,-65.0,-104.0,93749
-1165.0,-65.0,-104.0,93749
-1165.0,-65.0,-104.0,93749
-1158.0,-71.0,-101.0,93999
-1158.0,-71.0,-101.0,93999
-1158.0,-71.0,-101.0,93999
-1158.0,-71.0,-101.0,93999
-1158.0,-71.0,-101.0,93999
-1158.0,-71.0,-101.0,94250
-1158.0,-71.0,-101.0,94250
-1158.0,-71.0,-101.0,94251
-1158.0,-71.0,-101.0,94251
-1158.0,-71.0,-101.0,94251
-1158.0,-71.0,-101.0,94252
-1158.0,-71.0,-101.0,94499
-1158.0,-71.0,-101.0,94499
-1158.0,-71.0,-101.0,94499
-1158.0,-71.0,-101.0,94499
-1158.0,-71.0,-101.0,94500
-1158.0,-71.0,-101.0,94750
-1158.0,-71.0,-101.0,94750
-1158.0,-71.0,-101.0,94751
-1158.0,-71.0,-101.0,94751
-1158.0,-71.0,-101.0,94751
-1158.0,-71.0,-101.0,94752
-1158.0,-71.0,-101.0,94999
-1158.0,-71.0,-101.0,94999
-1158.0,-71.0,-101.0,94999
-1158.0,-71.0,-101.0,95000
-1158.0,-71.0,-101.0,95000
